100.0
18.638147354125977
37.247886657714844
46.78404235839844
34.49113464355469
40.996009826660156
13.163372039794922
21.407169342041016
31.54383659362793
15.55490779876709
32.916175842285156
36.739933013916016
42.67258071899414
29.330442428588867
37.674896240234375
34.5225944519043
9.449265480041504
24.067424774169922
50.1446418762207
37.89371871948242
38.32421875
18.166391372680664
32.92475509643555
29.640411376953125
33.921810150146484
63.044166564941406
36.48544692993164
37.473026275634766
58.86656188964844
44.406898498535156
9.505022048950195
45.7030029296875
54.17471694946289
49.37383270263672
50.2487678527832
10.926085472106934
28.260700225830078
32.45735168457031
36.93527603149414
16.158803939819336
32.80831527709961
14.61357307434082
39.42228698730469
39.96678924560547
41.55030059814453
40.950809478759766
56.036502838134766
16.741744995117188
37.720516204833984
47.71161651611328
57.409278869628906
10.667367935180664
24.70585060119629
20.655820846557617
45.17795181274414
29.746288299560547
37.21617126464844
20.98270034790039
30.90972900390625
65.39891052246094
39.34626770019531
45.91331100463867
59.04571533203125
11.681538581848145
29.696107864379883

