100.0
35.45045471191406
65.82671356201172
39.47676467895508
39.596981048583984
33.277339935302734
26.166982650756836
17.954002380371094
54.171810150146484
27.5865535736084
45.961185455322266
43.96658706665039
28.912405014038086
22.77638053894043
31.616497039794922
18.215328216552734
33.95379638671875
22.431045532226562
31.722820281982422
59.33076477050781
24.34663200378418
45.62453079223633
17.952404022216797
32.02762985229492
40.91150665283203
35.5911865234375
58.07719039916992
35.926727294921875
34.00765609741211
40.35329055786133
33.51014709472656
19.196001052856445
25.254291534423828
28.448381423950195
27.23345184326172
35.6561279296875
32.517391204833984
50.74755859375
38.4826774597168
20.91543960571289
16.28080940246582
24.764116287231445
40.2216796875
21.101526260375977
45.39389419555664
26.345930099487305
35.4183235168457
40.91317367553711
30.410232543945312
29.57740592956543
33.59364700317383
40.61512756347656
31.491836547851562
31.160865783691406
34.99018096923828
23.961393356323242
40.17451095581055
17.72313690185547
48.47138977050781
35.47932052612305
52.13557434082031
19.593326568603516
29.260162353515625
31.654428482055664
59.019168853759766
