100.0
5.074197292327881
65.82671356201172
65.69779968261719
24.40970802307129
56.0306282043457
7.765917778015137
11.498376846313477
56.19089889526367
6.533437728881836
31.676000595092773
46.59749221801758
36.16944122314453
33.38673400878906
22.33723258972168
25.550434112548828
10.171146392822266
7.7440972328186035
51.62628173828125
63.312408447265625
11.316097259521484
30.94517707824707
11.853615760803223
6.187302589416504
56.26661682128906
65.74263763427734
57.4498176574707
12.556474685668945
61.07172775268555
61.832191467285156
7.921805381774902
26.79107666015625
43.36402130126953
50.239013671875
47.89546203613281
5.854002952575684
5.940911293029785
36.544410705566406
12.599644660949707
16.123632431030273
17.13222885131836
17.84503746032715
62.09333038330078
14.326903343200684
63.83412551879883
24.97835350036621
64.36593627929688
27.609174728393555
9.709680557250977
45.037498474121094
59.678836822509766
15.41899585723877
38.41459655761719
32.01087951660156
60.48756790161133
35.60902786254883
42.96564865112305
15.882027626037598
54.1523551940918
65.82652282714844
65.56603240966797
26.09734344482422
52.31013870239258
15.409652709960938
53.57514953613281
